(u'VERMONT', [3, 4, 8093000.0])
(u'SOUTH DAKOTA', [104, 10, 10840500.0])
(u'IOWA', [29, 7, 48326600.0])
(u'DISTRICT OF COLUMBIA', [2, 0, 10545000.0])
(u'KANSAS', [18, 6, 56050650.0])
(u'FLORIDA', [234, 38, 98719150.0])
(u'VIRGINIA', [25, 16, 221954700.0])
(u'NORTH CAROLINA', [263, 29, 438912501.08])
(u'HAWAII', [10, 3, 16614000.0])
(u'GEORGIA', [35, 2, 19150950.0])
(u'CALIFORNIA', [55, 25, 76795500.0])
(u'ALABAMA', [116, 16, 31193500.0])
(u'IDAHO', [3, 2, 51136000.0])
(u'WEST VIRGINIA', [2, 12, 101616700.0])
(u'DELAWARE', [8, 0, 4300000.0])
(u'ALASKA', [27, 1, 11538000.0])
(u'ILLINOIS', [106, 19, 172294500.0])
(u'CONNECTICUT', [7, 5, 12918000.0])
(u'TENNESSEE', [24, 3, 17395900.0])
(u'NEW MEXICO', [6, 9, 6533000.0])
(u'PUERTO RICO', [0, 3, 85000.0])
(u'OHIO', [50, 17, 85045100.0])
(u'MARYLAND', [169, 6, 108393000.0])
(u'MASSACHUSETTS', [77, 2, 63957200.0])
(u'MISSISSIPPI', [45, 5, 30401270.0])
(u'COLORADO', [62, 11, 23564800.12])
(u'MONTANA', [3, 9, 2399400.0])
(u'NEW JERSEY', [15, 9, 114580000.0])
(u'UTAH', [126, 4, 10027200.0])
(u'MICHIGAN', [13, 7, 46046700.0])
(u'WYOMING', [5, 1, 11997300.0])
(u'WASHINGTON', [34, 13, 63907500.0])
(u'MINNESOTA', [29, 6, 60905500.0])
(u'OREGON', [37, 15, 58370000.4])
(u'NEW HAMPSHIRE', [7, 6, 12893000.0])
(u'STATE', (0, 0, 0.0))
(u'SOUTH CAROLINA', [20, 19, 19854800.0])
(u'INDIANA', [35, 6, 33115010.0])
(u'NEVADA', [6, 1, 1013500.0])
(u'LOUISIANA', [51, 8, 25144600.0])
(u'NEBRASKA', [28, 6, 53358300.0])
(u'ARIZONA', [53, 0, 3418500.1])
(u'WISCONSIN', [140, 13, 102730200.0])
(u'NORTH DAKOTA', [6, 7, 20192500.0])
(u'PENNSYLVANIA', [52, 37, 435072300.1])
(u'OKLAHOMA', [16, 16, 7721020.0])
(u'KENTUCKY', [77, 5, 59998000.1])
(u'RHODE ISLAND', [0, 0, 750000.0])
(u'NEW YORK', [95, 23, 297485700.0])
(u'ARKANSAS', [169, 12, 29327170.3])
(u'MISSOURI', [90, 14, 45443860.0])
(u'TEXAS', [102, 33, 350715570.2])
(u'MAINE', [11, 1, 33142000.0])
